# Map palettes
## apeak.pal"
JASC-PAL
0100
16
82 255 148
123 115 99
99 66 66
189 148 123
206 165 140
74 57 49
156 115 99
140 99 82
123 82 74
99 99 99
255 255 255
255 255 255
255 255 255
255 255 255
255 255 255
255 255 255
## asahamabe.pal"
JASC-PAL
0100
16
165 173 198
181 189 214
198 214 239
189 214 239
173 189 198
206 231 239
231 247 247
189 198 198
198 214 206
231 231 214
222 222 206
247 247 214
255 255 255
255 255 255
255 255 255
255 255 255
## asasea.pal"
JASC-PAL
0100
8
148 156 181
132 148 198
156 165 189
140 148 173
148 165 214
165 181 222
165 181 222
181 206 231
## beach.pal"
JASC-PAL
0100
8
239 239 206
247 247 214
255 255 231
255 255 255
0 0 0
0 0 0
0 0 0
0 0 0
## beachp.pal"
JASC-PAL
0100
8
132 239 140
66 222 82
189 247 156
255 255 231
247 247 214
239 239 206
247 247 214
255 255 255
## blueglay.pal"
JASC-PAL
0100
8
173 181 198
198 206 222
189 198 206
255 255 255
0 0 0
0 0 0
0 0 0
0 0 0
## blueglay_pl.pal"
JASC-PAL
0100
8
173 181 198
198 206 222
189 198 206
255 255 255
0 0 0
0 0 0
0 0 0
0 0 0
## blueglayp.pal"
JASC-PAL
0100
16
173 181 198
165 173 189
198 206 222
189 198 214
189 198 206
115 181 165
74 181 132
82 173 123
24 222 99
57 255 132
255 255 255
255 255 255
255 255 255
255 255 255
255 255 255
255 255 255
## blueglayp_pl.pal"
JASC-PAL
0100
8
148 156 181
173 181 198
198 206 222
189 198 206
74 181 132
74 156 115
24 222 99
57 255 132
## bridge.pal"
JASC-PAL
0100
16
255 255 255
99 66 90
148 140 148
123 99 115
99 99 132
140 148 173
181 198 206
214 231 239
222 214 173
189 173 107
173 148 99
222 173 107
206 156 107
181 140 107
165 115 115
140 99 115
## brown.pal"
JASC-PAL
0100
8
165 82 0
165 132 99
255 255 255
255 255 255
0 0 0
0 0 0
0 0 0
0 0 0
## ckado.pal"
JASC-PAL
0100
8
74 189 132
57 255 132
66 247 132
99 255 156
165 173 115
181 148 123
165 132 115
148 115 107
## conttree.pal"
JASC-PAL
0100
16
255 255 255
66 99 82
49 82 66
57 132 90
66 132 82
49 173 82
66 115 82
66 206 123
57 66 41
123 115 90
255 0 231
49 49 33
74 66 33
198 189 173
148 140 107
57 115 41
## conttree2_b.pal"
JASC-PAL
0100
16
57 181 214
90 115 74
82 107 57
57 66 41
74 82 57
49 49 33
214 181 82
82 74 49
148 123 74
115 99 66
90 82 66
173 140 82
255 255 255
255 255 255
255 255 255
255 255 255
## conttree2_t.pal"
JASC-PAL
0100
8
57 181 214
90 115 74
82 107 57
99 132 57
123 165 41
148 198 57
74 82 57
255 255 255
## conttree_b.pal"
JASC-PAL
0100
16
255 255 255
49 90 82
49 99 90
41 82 74
66 115 99
74 132 107
99 173 140
82 148 115
49 74 66
33 57 33
156 148 123
198 198 173
231 222 206
74 66 49
49 123 74
255 255 255
## conttree_t.pal"
JASC-PAL
0100
16
255 255 255
49 90 82
49 99 90
41 82 74
66 115 99
74 132 107
99 173 140
82 148 115
49 74 66
33 57 33
156 148 123
198 198 173
231 222 206
74 66 49
82 140 99
255 255 255
## criff.pal"
JASC-PAL
0100
16
115 115 107
148 115 107
255 0 0
99 74 74
165 132 115
90 66 57
214 173 156
99 90 82
156 107 107
198 156 148
156 123 115
181 140 132
107 82 82
140 99 99
123 90 90
255 255 255
## criff2.pal"
JASC-PAL
0100
16
115 115 107
66 222 82
66 198 66
99 74 74
41 173 90
90 66 57
214 173 156
99 90 82
156 107 107
198 156 148
165 123 115
181 140 132
107 82 74
140 99 99
123 90 90
90 140 57
## criffp.pal"
JASC-PAL
0100
16
90 66 57
99 74 74
107 74 74
115 82 82
99 90 82
123 90 90
140 99 99
156 107 107
115 115 107
165 123 115
181 140 132
198 156 148
214 173 156
255 255 255
255 255 255
255 255 255
## cyclestop.pal"
JASC-PAL
0100
16
148 189 189
16 99 173
57 148 214
16 107 140
107 206 222
231 255 239
107 107 107
82 82 82
66 66 66
255 255 255
255 255 255
255 255 255
255 255 255
255 255 255
255 255 255
255 255 255
## dhole.pal"
JASC-PAL
0100
16
82 148 132
115 74 82
99 66 74
90 66 74
82 57 74
132 132 132
165 165 132
214 173 156
198 156 148
181 140 132
165 123 115
140 99 99
148 107 99
132 90 90
57 41 66
255 255 255
## dun_bridge.pal"
JASC-PAL
0100
8
206 90 156
222 214 140
206 189 123
198 181 132
189 173 123
123 107 99
255 255 255
255 255 255
## enccriff.pal"
JASC-PAL
0100
8
41 148 74
33 123 57
33 165 0
49 189 8
107 222 57
90 132 57
107 148 74
165 132 115
## fenter.pal"
JASC-PAL
0100
16
49 123 74
49 148 66
255 0 0
115 255 173
66 206 82
66 222 82
74 181 90
66 165 74
66 198 90
255 0 0
255 255 255
255 255 255
255 255 255
255 255 255
255 255 255
255 255 255
## grass.pal"
JASC-PAL
0100
8
41 189 74
66 214 74
49 206 82
66 222 82
255 255 255
255 255 255
255 255 255
255 255 255
## grid_pl.pal"
JASC-PAL
0100
16
255 255 255
198 255 255
165 255 247
156 255 231
173 255 239
57 222 140
99 255 156
57 255 132
66 247 132
0 0 255
0 115 0
255 255 255
255 255 255
255 255 255
255 255 255
255 255 255
## hage.pal"
JASC-PAL
0100
8
49 214 132
57 255 132
66 247 132
99 255 156
107 255 140
156 247 148
206 239 148
255 255 255
## hamabe.pal"
JASC-PAL
0100
16
41 115 239
66 140 247
148 165 189
115 165 214
123 189 255
165 214 255
156 198 222
173 189 198
198 239 255
247 255 255
198 214 206
231 231 214
222 222 206
247 247 214
255 255 255
255 255 255
## hanger.pal"
JASC-PAL
0100
16
165 165 132
255 255 239
107 99 90
206 181 156
156 123 99
90 74 66
214 173 156
165 123 115
181 140 132
198 156 148
140 99 99
132 99 99
107 82 82
132 132 132
255 255 255
255 255 255
## imped.pal"
JASC-PAL
0100
16
239 0 90
115 74 82
74 66 74
107 107 123
231 231 206
239 247 255
173 173 156
41 90 57
33 123 57
90 165 49
132 214 66
165 247 90
231 206 181
222 181 165
189 148 140
156 115 115
## kemuri.pal"
JASC-PAL
0100
8
255 255 255
255 255 255
255 255 255
255 255 255
255 255 255
255 255 255
255 255 255
255 255 255
## lake.pal"
JASC-PAL
0100
8
99 198 255
255 255 255
255 255 255
255 255 255
255 255 255
255 255 255
255 255 255
255 255 255
## lakep.1_pl.pal"
JASC-PAL
0100
8
41 140 198
66 173 231
99 198 255
255 255 255
255 255 255
255 255 255
255 255 255
255 255 255
## lgreen.pal"
JASC-PAL
0100
8
132 247 140
132 239 140
156 255 156
255 255 255
255 255 255
255 255 255
255 255 255
255 255 255
## lgreenp.pal"
JASC-PAL
0100
8
82 255 148
115 255 156
82 231 107
132 247 140
132 239 140
156 255 156
255 255 255
255 255 255
## nectgrass.pal"
JASC-PAL
0100
16
41 189 74
255 0 0
66 222 82
24 148 74
33 132 99
0 156 41
0 173 49
41 206 74
16 123 90
49 115 66
24 189 57
255 255 255
255 255 255
255 255 255
255 255 255
255 255 255
## newstep.pal"
JASC-PAL
0100
16
148 173 156
173 206 189
222 247 222
107 132 115
198 231 206
82 107 90
148 148 107
156 107 24
107 74 16
206 132 49
181 107 41
255 255 255
255 255 255
255 255 255
255 255 255
255 255 255
## nhana.pal"
JASC-PAL
0100
16
99 255 156
140 222 255
57 222 140
49 198 107
82 255 148
66 247 132
66 189 90
74 173 66
82 206 66
82 247 148
82 214 66
66 239 148
239 239 173
255 189 148
255 255 255
255 255 255
## nsandp.pal"
JASC-PAL
0100
16
66 222 82
107 239 123
181 231 148
206 181 99
222 189 99
231 198 123
74 231 90
247 206 123
198 173 90
255 255 255
255 255 255
255 255 255
255 255 255
255 255 255
255 255 255
255 255 255
## plant2.pal"
JASC-PAL
0100
8
181 198 222
99 181 107
90 123 74
99 90 33
140 82 33
156 99 49
255 255 255
255 255 255
## puddle.pal"
JASC-PAL
0100
8
156 222 255
255 255 255
255 255 255
255 255 255
255 255 255
255 255 255
255 255 255
255 255 255
## puddle_b.pal"
JASC-PAL
0100
8
140 198 255
255 255 255
255 255 255
255 255 255
0 0 0
0 0 0
0 0 0
0 0 0
## puddle_x.pal"
JASC-PAL
0100
8
82 115 173
255 255 255
255 255 255
255 255 255
255 255 255
255 255 255
255 255 255
255 255 255
## puddleb_x.pal"
JASC-PAL
0100
8
82 115 173
255 255 255
255 255 255
255 255 255
0 0 0
0 0 0
0 0 0
0 0 0
## puddlep.pal"
JASC-PAL
0100
16
156 189 82
49 206 82
66 222 82
156 107 132
181 140 132
156 222 173
173 247 206
132 189 255
148 214 255
156 222 255
255 255 255
255 255 255
255 255 255
255 255 255
255 255 255
255 255 255
## puddlep_x.pal"
JASC-PAL
0100
8
115 90 74
140 107 90
156 123 107
165 132 115
123 123 156
82 115 173
123 156 222
255 255 255
## rhana.pal"
JASC-PAL
0100
16
49 214 132
24 189 90
49 231 123
66 222 82
0 140 49
66 247 132
99 255 156
156 198 90
231 231 0
255 132 33
198 74 0
255 255 255
255 255 255
255 255 255
255 255 255
255 255 255
## sandset.pal"
JASC-PAL
0100
16
255 255 255
57 222 140
99 255 156
57 255 132
66 247 132
206 181 99
222 189 99
198 173 90
255 214 140
239 189 82
239 198 148
255 222 148
255 255 255
255 255 255
255 255 255
255 255 255
## sea.pal"
JASC-PAL
0100
8
41 107 222
41 115 231
49 123 239
33 107 214
57 132 239
74 148 247
99 165 255
0 0 0
## searock.1_pl.pal"
JASC-PAL
0100
16
57 189 255
74 66 74
107 165 189
173 231 255
222 255 255
165 173 165
206 214 206
189 198 181
99 99 90
140 140 132
255 255 255
255 255 255
255 255 255
255 255 255
255 255 255
255 255 255
## searock.pal"
JASC-PAL
0100
16
57 189 255
74 66 74
107 165 189
173 231 255
222 255 255
165 173 165
206 214 206
189 198 181
99 99 90
140 140 132
255 255 255
255 255 255
255 255 255
255 255 255
255 255 255
255 255 255
## seaside3.pal"
JASC-PAL
0100
16
82 255 148
115 74 82
90 57 74
74 49 57
132 132 132
41 57 99
165 165 132
132 99 90
222 181 165
189 148 140
156 115 115
255 255 255
255 255 255
255 255 255
255 255 255
255 255 255
## shadowchip.pal"
JASC-PAL
0100
8
66 66 74
255 255 255
255 255 255
255 255 255
255 255 255
255 255 255
255 255 255
255 255 255
## shana.pal"
JASC-PAL
0100
8
82 255 148
107 239 148
231 255 239
148 255 173
189 255 206
255 231 181
99 214 140
247 206 140
## taki.pal"
JASC-PAL
0100
16
57 82 165
74 99 181
90 123 198
107 148 222
123 189 222
132 198 231
140 214 247
181 247 255
206 247 255
222 255 255
255 255 255
255 255 255
255 255 255
255 255 255
255 255 255
255 255 255
## tree01.pal"
JASC-PAL
0100
16
255 255 255
49 90 82
49 99 90
41 82 74
66 115 99
74 132 107
99 173 140
82 148 115
49 74 66
33 57 33
156 148 123
198 198 173
231 222 206
74 66 49
49 123 74
255 255 255
## tree2_01.pal"
JASC-PAL
0100
16
57 181 214
90 115 74
82 107 57
99 132 57
57 66 41
123 165 41
148 198 57
74 82 57
49 49 33
214 181 82
82 74 49
148 123 74
115 99 66
90 82 66
173 140 82
255 255 255
## tshadow.pal"
JASC-PAL
0100
8
66 222 82
57 189 49
57 206 66
57 173 49
57 165 49
255 255 255
255 255 255
255 255 255
# Prop palettes
## d3_door1_pl.pal"
JASC-PAL
0100
8
165 57 66
123 16 33
206 90 115
255 214 107
222 173 82
214 132 82
255 255 255
255 255 255
## d3_s01_a_pl.pal"
JASC-PAL
0100
16
181 231 140
41 41 49
57 57 66
74 74 82
115 115 123
41 115 57
82 148 82
132 156 115
181 165 156
107 74 66
148 115 107
132 90 82
206 206 206
173 173 173
140 140 140
255 255 255
## d3_s01_b_pl.pal"
JASC-PAL
0100
16
181 41 239
198 115 255
165 156 222
41 41 49
74 74 82
99 82 33
165 123 57
231 181 99
206 156 82
140 99 41
189 140 74
247 198 132
206 206 206
181 181 181
156 156 156
123 123 123
## h_kage_pl.pal"
JASC-PAL
0100
8
0 0 0
255 255 255
255 255 255
255 255 255
0 0 0
0 0 0
0 0 0
0 0 0
