## a9_criff.pal
JASC-PAL
0100
16
132 132 132
165 165 132
181 148 123
132 107 90
165 132 115
90 74 66
214 173 156
107 99 90
148 115 107
198 156 148
165 123 115
181 140 132
107 82 82
140 99 99
132 99 99
255 255 255
## apeak.pal
JASC-PAL
0100
16
231 49 255
189 181 165
222 206 165
206 156 99
181 140 82
165 115 74
148 90 57
132 82 57
115 57 41
90 49 33
255 255 255
255 255 255
255 255 255
255 255 255
255 255 255
255 255 255
## asahamabe.pal
JASC-PAL
0100
16
156 165 189
165 173 189
173 189 198
189 198 198
198 214 206
255 255 231
222 222 206
247 247 214
239 239 206
247 247 214
255 255 255
255 255 255
255 255 255
255 255 255
255 255 255
255 255 255
## asasea.pal
JASC-PAL
0100
8
132 148 198
156 165 189
173 198 231
198 222 239
0 0 0
0 0 0
0 0 0
0 0 0
## beach.pal
JASC-PAL
0100
8
239 239 206
247 247 214
255 255 231
255 255 255
0 0 0
0 0 0
0 0 0
0 0 0
## beachp.pal
JASC-PAL
0100
8
74 222 123
82 247 140
189 247 156
255 255 231
247 247 214
239 239 206
247 247 214
255 255 255
## blueglay.pal
JASC-PAL
0100
16
189 132 16
165 181 214
189 198 231
214 222 247
222 231 247
57 247 206
148 247 222
148 247 222
16 231 156
24 239 165
173 247 214
198 239 189
255 255 255
255 255 255
255 255 255
255 255 255
## blueglayp.pal
JASC-PAL
0100
8
189 198 231
214 222 247
222 231 247
82 255 148
82 231 132
189 247 156
255 255 255
255 255 255
## bridge.pal
JASC-PAL
0100
16
255 255 255
99 66 90
148 140 148
115 107 115
99 99 132
140 148 173
181 198 206
214 231 239
222 214 173
189 173 107
173 148 99
222 173 107
206 156 107
181 140 107
165 115 115
140 99 115
## brown.pal
JASC-PAL
0100
8
165 82 0
165 132 99
255 255 255
255 255 255
0 0 0
0 0 0
0 0 0
0 0 0
## c09_ice2_pl.pal
JASC-PAL
0100
8
214 231 239
255 0 255
231 247 255
247 255 255
255 255 255
255 255 255
255 255 255
255 255 255
## c09_ice_pl.pal
JASC-PAL
0100
8
214 231 239
255 0 255
231 247 255
247 255 255
255 255 255
255 255 255
255 255 255
255 255 255
## c2_rale_a_pl.pal
JASC-PAL
0100
8
247 247 247
222 222 222
189 189 189
255 255 255
0 0 0
0 0 0
0 0 0
0 0 0
## c2_rale_b_pl.pal
JASC-PAL
0100
8
132 140 140
156 165 165
181 189 189
255 255 255
0 0 0
0 0 0
0 0 0
0 0 0
## ckado.pal
JASC-PAL
0100
16
115 74 82
82 255 148
82 231 132
198 206 148
181 181 132
173 165 132
173 165 123
156 132 115
214 173 156
148 115 107
181 140 132
148 115 107
165 123 115
148 107 99
255 255 255
255 255 255
## conttree.pal
JASC-PAL
0100
16
189 90 140
90 107 82
90 115 57
74 90 41
107 140 49
57 66 41
156 206 66
132 173 49
198 247 74
107 99 57
214 181 82
49 49 33
82 74 49
148 123 74
132 107 66
173 140 82
## conttree2_b.pal
JASC-PAL
0100
16
57 181 214
90 107 82
90 115 57
57 66 41
74 90 41
49 49 33
107 99 57
214 181 82
82 74 49
148 123 74
173 140 82
132 107 66
115 115 140
148 140 173
255 255 255
255 255 255
## conttree2_t.pal
JASC-PAL
0100
8
57 181 214
206 222 247
231 247 255
156 206 173
255 0 0
90 107 82
74 90 41
255 255 255
## criff.pal
JASC-PAL
0100
16
123 90 99
173 148 156
214 198 206
231 231 255
247 247 255
181 148 123
132 107 90
165 132 115
90 74 66
148 115 107
165 123 115
140 99 99
107 82 82
255 255 255
255 255 255
255 255 255
## cyclestop.pal
JASC-PAL
0100
8
198 189 156
173 165 206
82 82 99
206 206 231
239 239 255
0 0 0
255 255 255
255 255 255
## dhole.pal
JASC-PAL
0100
16
82 148 132
198 181 181
99 74 82
156 132 140
214 198 206
82 57 74
57 41 66
222 214 231
247 247 255
231 239 255
247 255 255
181 140 132
189 156 148
156 115 107
132 90 90
255 255 255
## dun_bridge.pal
JASC-PAL
0100
8
206 90 156
222 214 140
206 189 123
198 181 132
189 173 123
123 107 99
255 255 255
255 255 255
## enccriff.pal
JASC-PAL
0100
16
41 132 24
74 148 41
90 173 0
90 132 57
107 189 8
140 206 33
165 222 57
132 107 90
165 132 115
148 115 107
107 82 66
255 255 255
255 255 255
255 255 255
255 255 255
255 255 255
## fenter.pal
JASC-PAL
0100
16
231 239 255
239 247 255
148 140 173
165 165 189
181 181 206
206 206 231
222 222 239
239 239 247
247 255 255
255 255 255
255 255 255
255 255 255
255 255 255
255 255 255
255 255 255
255 255 255
## grass.pal
JASC-PAL
0100
8
231 239 255
239 247 255
247 255 255
255 255 255
255 255 255
255 255 255
255 255 255
255 255 255
## hage.pal
JASC-PAL
0100
8
74 222 123
255 214 140
82 255 148
255 231 156
189 247 156
255 255 255
255 255 255
255 255 255
## hamabe.pal
JASC-PAL
0100
16
57 82 165
115 140 181
148 165 189
189 231 255
173 189 198
198 214 206
255 255 231
222 222 206
247 247 214
239 239 206
247 247 214
255 255 255
255 255 255
255 255 255
255 255 255
255 255 255
## hanger.pal
JASC-PAL
0100
16
123 90 99
173 148 156
214 198 206
231 231 255
255 255 239
206 181 156
156 123 99
132 107 90
90 74 66
148 115 107
165 123 115
181 140 132
140 99 99
107 82 82
255 255 255
255 255 255
## imped.pal
JASC-PAL
0100
16
239 0 90
115 74 82
74 66 74
107 107 123
206 214 239
239 247 255
156 165 173
41 90 57
33 123 57
82 165 41
132 214 66
165 247 90
231 206 181
222 181 165
189 148 140
156 115 115
## kemuri.pal
JASC-PAL
0100
8
255 255 255
255 255 255
255 255 255
255 255 255
255 255 255
255 255 255
255 255 255
255 255 255
## lake.pal
JASC-PAL
0100
8
99 198 255
107 198 255
115 206 255
132 206 255
0 0 0
0 0 0
0 0 0
0 0 0
## lgreen.pal
JASC-PAL
0100
16
198 16 123
57 247 206
148 247 222
148 247 222
24 239 165
132 222 189
148 239 198
173 247 214
181 247 214
198 255 222
198 239 189
255 255 255
255 255 255
255 255 255
255 255 255
255 255 255
## lgreenp.pal
JASC-PAL
0100
8
148 239 198
181 247 214
198 255 222
82 255 148
82 231 132
189 247 156
255 255 255
255 255 255
## nectgrass.pal
JASC-PAL
0100
16
255 247 239
181 214 206
255 255 255
24 132 41
41 148 49
41 173 0
74 132 57
49 189 8
90 206 33
107 222 57
255 255 255
255 255 255
255 255 255
255 255 255
255 255 255
255 255 255
## newstep.pal
JASC-PAL
0100
16
148 173 156
173 206 189
189 214 198
107 132 115
198 231 206
165 156 107
148 148 107
156 107 24
107 74 16
206 132 49
181 107 41
255 255 255
255 255 255
255 255 255
255 255 255
255 255 255
## nhana.pal
JASC-PAL
0100
16
156 222 255
57 222 140
49 198 107
99 255 156
82 255 148
66 247 132
66 189 90
74 173 66
82 206 66
66 165 57
82 214 66
66 156 49
239 239 173
247 189 156
255 255 255
255 255 255
## nsandp.pal
JASC-PAL
0100
8
82 255 148
82 231 132
189 247 156
255 231 156
255 239 181
255 214 140
255 255 255
255 255 255
## plant2.pal
JASC-PAL
0100
8
33 255 173
74 49 8
99 57 8
132 66 8
156 66 8
255 255 255
255 255 255
255 255 255
## puddle.pal
JASC-PAL
0100
8
156 222 255
255 255 255
255 255 255
255 255 255
255 255 255
255 255 255
255 255 255
255 255 255
## puddle_b.pal
JASC-PAL
0100
8
140 198 255
255 255 255
255 255 255
255 255 255
0 0 0
0 0 0
0 0 0
0 0 0
## puddlep.pal
JASC-PAL
0100
8
156 107 132
181 140 132
82 231 132
82 255 148
173 247 206
132 189 255
156 222 255
255 255 255
## rhana.pal
JASC-PAL
0100
16
82 255 148
74 222 123
82 239 132
33 123 24
82 214 66
82 198 57
66 156 49
239 231 90
239 132 66
222 41 16
198 41 16
255 255 255
255 255 255
255 255 255
255 255 255
255 255 255
## sandset.pal
JASC-PAL
0100
16
255 255 255
57 222 140
99 255 156
57 255 132
66 247 132
255 231 156
255 239 181
214 165 66
255 214 140
239 189 82
239 198 148
255 255 255
255 255 255
255 255 255
255 255 255
255 255 255
## sea.pal
JASC-PAL
0100
8
41 107 222
41 115 231
49 123 239
33 107 214
57 132 239
74 148 247
99 165 255
0 0 0
## searock.pal
JASC-PAL
0100
16
41 148 255
148 148 156
173 173 181
198 206 222
107 115 123
239 247 255
148 206 239
165 181 189
222 247 255
90 90 90
255 255 255
255 255 255
255 255 255
255 255 255
255 255 255
255 255 255
## seaside3.pal
JASC-PAL
0100
16
165 66 239
115 74 82
90 57 74
57 49 74
132 132 132
41 57 99
165 165 132
132 99 90
222 181 165
189 148 140
156 115 115
255 255 255
255 255 255
255 255 255
255 255 255
255 255 255
## shadowchip.pal
JASC-PAL
0100
8
66 66 74
255 255 255
255 255 255
255 255 255
255 255 255
255 255 255
255 255 255
255 255 255
## shana.pal
JASC-PAL
0100
8
82 255 148
173 239 189
239 255 239
148 255 173
189 255 206
247 231 206
255 255 255
255 255 255
## taki.pal
JASC-PAL
0100
16
57 82 165
74 99 181
90 123 198
107 148 222
123 189 222
132 198 231
140 214 247
181 247 255
206 247 255
222 255 255
255 255 255
255 255 255
255 255 255
255 255 255
255 255 255
255 255 255
## tree01.pal
JASC-PAL
0100
16
206 140 49
90 107 82
90 115 57
74 90 41
107 140 49
57 66 41
156 206 66
132 173 49
198 247 74
107 99 57
214 181 82
49 49 33
82 74 49
148 123 74
132 107 66
173 140 82
## tree2_01.pal
JASC-PAL
0100
16
57 181 214
206 222 247
231 247 255
156 206 173
115 115 140
90 107 82
90 115 57
57 66 41
74 90 41
49 49 33
148 140 173
82 74 49
148 123 74
173 140 82
132 107 66
255 255 255
## tshadow.pal
JASC-PAL
0100
8
231 222 239
214 214 231
255 255 255
189 189 214
255 255 255
255 255 255
255 255 255
255 255 255
