## bf_lake_pl.pal
JASC-PAL
0100
8
181 231 255
255 255 255
255 255 255
255 255 255
0 0 0
0 0 0
0 0 0
0 0 0
## bf_lakep.1_pl.pal
JASC-PAL
0100
8
255 255 255
148 198 231
165 214 247
181 231 255
255 255 255
255 255 255
255 255 255
255 255 255
## criff.pal
JASC-PAL
0100
16
255 255 255
189 99 107
173 99 107
165 82 90
132 57 74
74 57 82
24 41 165
41 41 90
0 49 255
0 82 255
41 41 41
255 255 255
255 255 255
255 255 255
255 255 255
255 255 255
## criffP2.pal
JASC-PAL
0100
8
173 99 107
140 82 107
74 57 82
24 41 165
24 41 140
41 41 90
0 49 255
41 41 41
## lake.pal
JASC-PAL
0100
8
99 198 255
255 255 255
255 255 255
255 255 255
255 255 255
255 255 255
255 255 255
255 255 255
## lakep.1_pl.pal
JASC-PAL
0100
8
41 140 198
66 173 231
99 198 255
255 255 255
255 255 255
255 255 255
255 255 255
255 255 255
## s_grass.pal
JASC-PAL
0100
16
41 41 41
66 57 66
99 57 66
82 66 82
115 74 82
140 74 90
156 82 90
165 90 99
173 99 107
198 99 107
255 255 255
255 255 255
255 255 255
255 255 255
255 255 255
255 255 255
## s_land.pal
JASC-PAL
0100
16
198 99 107
222 0 206
222 0 206
214 0 198
222 0 206
222 0 181
222 0 181
222 0 181
222 0 206
173 99 107
156 82 90
165 90 99
132 66 82
148 74 90
222 0 181
255 255 255
## s_land2.pal
JASC-PAL
0100
16
198 99 107
41 41 41
222 0 206
214 0 198
222 0 206
222 0 181
222 0 181
222 0 181
222 0 206
173 99 107
156 82 90
165 90 99
115 74 82
140 74 90
222 0 181
255 255 255
## s_land3.pal
JASC-PAL
0100
8
24 41 140
16 41 165
0 33 214
0 49 255
255 255 255
255 255 255
255 255 255
255 255 255
## s_land4.pal
JASC-PAL
0100
16
57 41 41
74 57 57
74 66 66
90 74 74
148 74 90
156 82 90
99 90 90
165 90 99
115 99 99
173 99 107
198 99 107
140 123 123
255 255 255
255 255 255
255 255 255
255 255 255
## s_land_att.pal
JASC-PAL
0100
16
198 99 107
222 0 206
222 0 206
214 0 198
222 0 206
222 0 181
222 0 181
222 0 181
222 0 206
173 99 107
156 82 90
165 90 99
115 74 82
140 74 90
222 115 132
255 255 255
## s_land_jump_pl.pal
JASC-PAL
0100
16
41 41 41
90 57 66
132 57 74
74 57 82
156 82 90
173 99 107
198 115 123
24 41 165
255 255 255
255 255 255
255 255 255
255 255 255
255 255 255
255 255 255
255 255 255
255 255 255
## s_landp.pal
JASC-PAL
0100
16
255 255 255
173 99 107
148 66 82
165 82 90
132 57 74
24 41 140
0 49 255
0 82 255
41 41 41
24 41 189
255 255 255
255 255 255
255 255 255
255 255 255
255 255 255
255 255 255
## tree_sbt01.pal
JASC-PAL
0100
16
41 33 24
57 49 49
8 41 57
115 49 57
74 57 57
8 49 66
82 57 66
16 57 74
148 66 82
16 66 90
33 90 107
41 107 132
24 41 165
49 140 173
0 49 255
255 255 255
