## apeak.pal
JASC-PAL
0100
16
82 255 148
123 115 99
99 66 66
189 148 123
206 165 140
74 57 49
156 115 99
90 57 57
132 82 74
99 99 99
115 74 66
255 255 255
255 255 255
255 255 255
255 255 255
255 255 255
## asahamabe.pal
JASC-PAL
0100
16
165 173 198
181 189 214
198 214 239
189 214 239
173 189 198
206 231 239
231 247 247
189 198 198
198 214 206
231 231 214
222 222 206
247 247 214
255 255 255
255 255 255
255 255 255
255 255 255
## asasea.pal
JASC-PAL
0100
8
148 156 181
132 148 198
156 165 189
140 148 173
148 165 214
165 181 222
165 181 222
181 206 231
## beach.pal
JASC-PAL
0100
8
239 239 206
247 247 214
255 255 231
255 255 255
0 0 0
0 0 0
0 0 0
0 0 0
## beachp.pal
JASC-PAL
0100
8
74 222 123
82 255 148
189 231 156
255 255 231
247 247 214
231 231 198
247 247 214
239 239 206
## blueglay.pal
JASC-PAL
0100
8
173 181 189
198 206 222
181 198 206
255 255 255
255 255 255
255 255 255
255 255 255
255 255 255
## blueglayp.pal
JASC-PAL
0100
16
189 198 214
173 181 198
198 206 222
189 198 214
181 189 198
115 181 165
255 0 0
82 173 123
24 222 99
82 255 148
49 239 123
255 255 255
255 255 255
255 255 255
255 255 255
255 255 255
## bridge.pal
JASC-PAL
0100
16
255 255 255
99 66 90
148 140 148
123 99 115
99 99 132
140 148 173
181 198 206
214 231 239
222 214 173
189 173 107
173 148 99
222 173 107
206 156 107
181 140 107
165 115 115
140 99 115
## ckado.pal
JASC-PAL
0100
16
74 189 132
82 255 148
82 222 140
255 0 0
165 173 115
181 148 123
165 132 115
148 115 107
156 140 99
156 123 115
173 156 99
255 255 255
255 255 255
255 255 255
255 255 255
255 255 255
## conttree.pal
JASC-PAL
0100
16
255 214 0
57 140 82
74 90 66
82 140 57
90 173 49
82 115 66
123 206 66
140 231 74
57 74 49
107 99 57
214 181 82
49 49 33
82 74 49
148 123 74
132 107 66
189 222 189
## conttree2_b.pal
JASC-PAL
0100
16
255 255 255
90 115 74
82 107 57
99 140 49
57 66 41
123 165 41
148 198 57
74 82 57
49 49 33
214 181 82
82 90 57
148 123 74
115 99 66
90 82 66
173 140 82
255 255 255
## conttree2_t.pal
JASC-PAL
0100
16
255 255 255
90 115 74
82 107 57
99 140 49
57 66 41
123 165 41
148 198 57
74 82 57
49 49 33
214 181 82
82 90 57
148 123 74
115 99 66
90 82 66
173 140 82
255 255 255
## criff.pal
JASC-PAL
0100
16
115 115 107
148 115 107
255 0 0
99 74 74
165 132 115
90 66 57
214 173 156
99 90 82
156 107 107
198 156 148
156 123 115
181 140 132
107 82 82
140 99 99
123 90 90
255 255 255
## criff2.pal
JASC-PAL
0100
16
115 115 107
82 255 148
74 231 132
99 74 74
57 189 90
90 66 57
214 173 156
99 90 82
156 107 107
198 156 148
165 123 115
181 140 132
107 82 82
140 99 99
123 90 90
90 140 57
## criff3.pal
JASC-PAL
0100
16
115 115 107
165 132 115
222 156 132
99 74 74
198 140 123
90 66 57
214 173 156
99 90 82
156 107 107
198 156 148
165 123 115
181 140 132
107 82 82
140 99 99
123 90 90
255 255 255
## cyclestop.pal
JASC-PAL
0100
16
148 189 189
16 99 173
57 148 214
16 107 140
107 206 222
231 255 239
107 107 107
82 82 82
66 66 66
255 255 255
255 255 255
255 255 255
255 255 255
255 255 255
255 255 255
255 255 255
## dhole.pal
JASC-PAL
0100
16
255 255 255
115 115 107
74 57 57
57 41 66
99 74 74
255 0 0
90 66 57
214 173 156
99 90 82
156 107 107
198 156 148
165 123 115
181 140 132
107 82 82
140 99 99
123 90 90
## dun_bridge.pal
JASC-PAL
0100
8
206 90 156
222 214 140
206 189 123
198 181 132
189 173 123
123 107 99
255 255 255
255 255 255
## enccriff.pal
JASC-PAL
0100
16
41 132 24
74 148 41
90 173 0
90 132 57
107 189 8
140 206 33
165 222 57
132 107 90
165 132 115
148 115 107
107 82 66
255 255 255
255 255 255
255 255 255
255 255 255
255 255 255
## fenter.pal
JASC-PAL
0100
16
41 132 99
49 156 107
57 222 140
115 255 173
66 247 132
82 255 148
66 206 123
57 189 107
74 231 140
66 198 115
255 255 255
255 255 255
255 255 255
255 255 255
255 255 255
255 255 255
## grass.pal
JASC-PAL
0100
8
82 255 148
74 247 140
82 255 148
140 255 165
74 247 140
74 239 156
107 255 165
255 255 255
## grid_pl.pal
JASC-PAL
0100
16
255 255 255
198 255 255
165 255 247
156 255 231
173 255 239
57 222 140
99 255 156
57 255 132
66 247 132
0 0 255
0 115 0
255 255 255
255 255 255
255 255 255
255 255 255
255 255 255
## hage.pal
JASC-PAL
0100
8
49 214 132
82 255 148
66 247 132
99 255 156
107 255 140
156 247 148
206 239 148
255 255 255
## hamabe.pal
JASC-PAL
0100
16
41 115 239
66 140 247
148 165 189
115 165 214
123 189 255
165 214 255
156 198 222
173 189 198
198 239 255
247 255 255
198 214 206
231 231 214
222 222 206
247 247 214
255 255 255
255 255 255
## hanger.pal
JASC-PAL
0100
16
115 115 107
99 90 82
90 66 57
214 173 156
198 156 148
165 123 115
181 140 132
107 82 82
82 57 57
99 74 74
156 107 107
140 99 99
123 90 90
231 206 189
255 255 255
255 255 255
## imped.pal
JASC-PAL
0100
16
239 0 90
115 74 82
74 66 74
107 107 123
231 231 206
239 247 255
173 173 156
41 90 57
74 132 82
99 173 57
132 214 66
165 247 90
231 206 181
222 181 165
189 148 140
156 115 115
## kemuri.pal
JASC-PAL
0100
8
255 255 255
255 255 255
255 255 255
255 255 255
255 255 255
255 255 255
255 255 255
255 255 255
## lake.pal
JASC-PAL
0100
8
99 198 255
255 255 255
255 255 255
255 255 255
255 255 255
255 255 255
255 255 255
255 255 255
## lakep.1_pl.pal
JASC-PAL
0100
8
41 140 198
66 173 231
99 198 255
255 255 255
255 255 255
255 255 255
255 255 255
255 255 255
## lgreen.pal
JASC-PAL
0100
8
132 247 140
132 239 140
165 255 156
255 255 255
255 255 255
255 255 255
255 255 255
255 255 255
## lgreenp.pal
JASC-PAL
0100
8
82 255 148
115 255 156
82 231 107
132 247 140
132 239 140
165 255 156
82 247 123
255 255 255
## nectgrass.pal
JASC-PAL
0100
16
49 214 132
24 181 90
82 255 148
57 165 41
41 148 49
41 173 0
49 189 8
107 222 57
24 132 41
74 132 57
90 206 33
255 255 255
255 255 255
255 255 255
255 255 255
255 255 255
## newstep.pal
JASC-PAL
0100
16
156 181 165
173 206 189
222 247 222
132 156 140
198 231 206
115 123 90
148 148 107
156 107 24
107 74 16
206 132 49
181 107 41
255 255 255
255 255 255
255 255 255
255 255 255
255 255 255
## nhana.pal
JASC-PAL
0100
16
99 255 156
140 222 255
74 247 140
49 198 107
82 255 148
107 255 165
255 0 0
255 0 0
255 0 0
82 255 148
255 0 0
74 239 156
239 239 173
255 189 148
255 255 255
255 255 255
## nsandp.pal
JASC-PAL
0100
16
82 255 148
107 214 140
156 222 107
255 231 156
255 239 181
255 214 132
99 231 140
239 198 115
255 222 148
140 255 181
255 255 255
255 255 255
255 255 255
255 255 255
255 255 255
255 255 255
## plant2.pal
JASC-PAL
0100
8
181 198 222
99 181 107
90 123 74
99 90 33
140 82 33
156 99 49
255 255 255
255 255 255
## puddle.pal
JASC-PAL
0100
8
156 222 255
255 255 255
255 255 255
255 255 255
255 255 255
255 255 255
255 255 255
255 255 255
## puddle_b.pal
JASC-PAL
0100
8
140 198 255
255 255 255
255 255 255
255 255 255
0 0 0
0 0 0
0 0 0
0 0 0
## puddle_x.pal
JASC-PAL
0100
8
82 115 173
255 255 255
255 255 255
255 255 255
255 255 255
255 255 255
255 255 255
255 255 255
## puddleb_x.pal
JASC-PAL
0100
8
82 115 173
255 255 255
255 255 255
255 255 255
0 0 0
0 0 0
0 0 0
0 0 0
## puddlep.pal
JASC-PAL
0100
16
156 107 132
132 189 255
156 222 255
173 247 206
82 255 148
82 231 132
181 140 132
148 214 255
156 189 82
156 222 173
255 255 255
255 255 255
255 255 255
255 255 255
255 255 255
255 255 255
## puddlep_x.pal
JASC-PAL
0100
8
115 90 74
140 107 90
156 123 107
165 132 115
123 123 156
82 115 173
123 156 222
255 255 255
## puddlep_x2.pal
JASC-PAL
0100
16
115 90 74
140 107 90
140 99 99
165 123 115
181 140 132
198 156 148
123 123 156
214 173 156
82 115 173
123 156 222
255 255 255
255 255 255
255 255 255
255 255 255
255 255 255
255 255 255
## rhana.pal
JASC-PAL
0100
16
49 214 132
24 189 90
49 231 123
57 255 132
0 140 49
66 247 132
99 255 156
156 198 90
231 231 0
255 132 33
198 74 0
255 255 255
255 255 255
255 255 255
255 255 255
255 255 255
## s_snow02_pl.pal
JASC-PAL
0100
8
222 214 231
231 231 239
239 239 239
247 247 247
255 255 255
255 255 255
255 255 255
255 255 255
## s_snow04_pl.pal
JASC-PAL
0100
8
82 255 148
148 239 173
173 239 189
206 247 231
255 255 255
247 247 255
255 255 255
255 255 255
## s_snow_pl.pal
JASC-PAL
0100
8
222 214 231
231 231 239
239 239 239
247 247 247
255 255 255
255 255 255
255 255 255
255 255 255
## s_sonwp_pl.pal
JASC-PAL
0100
8
222 214 231
231 231 239
239 239 239
247 247 247
255 255 255
255 255 255
255 255 255
255 255 255
## sandset.pal
JASC-PAL
0100
16
255 255 255
57 222 140
99 255 156
57 255 132
66 247 132
255 231 156
255 239 181
214 165 66
255 214 140
239 189 82
239 198 148
255 222 148
255 255 255
255 255 255
255 255 255
255 255 255
## sea.pal
JASC-PAL
0100
8
41 107 222
41 115 231
49 123 239
33 107 214
57 132 239
74 148 247
99 165 255
0 0 0
## searock.pal
JASC-PAL
0100
16
57 189 255
74 66 74
107 165 189
173 231 255
222 255 255
165 173 165
206 214 206
189 198 181
99 99 90
140 140 132
255 255 255
255 255 255
255 255 255
255 255 255
255 255 255
255 255 255
## seaside3.pal
JASC-PAL
0100
16
82 255 148
123 82 90
90 57 74
74 49 57
132 132 132
41 57 99
255 0 0
255 0 0
255 0 0
140 99 99
156 115 115
255 255 255
255 255 255
255 255 255
255 255 255
255 255 255
## shadowchip.pal
JASC-PAL
0100
8
66 66 74
255 255 255
255 255 255
255 255 255
255 255 255
255 255 255
255 255 255
255 255 255
## shana.pal
JASC-PAL
0100
8
82 255 148
107 239 148
231 255 239
148 255 173
189 255 206
255 231 181
99 214 140
247 206 140
## taki.pal
JASC-PAL
0100
16
57 82 165
74 99 181
90 123 198
107 148 222
123 189 222
132 198 231
140 214 247
181 247 255
206 247 255
222 255 255
255 255 255
255 255 255
255 255 255
255 255 255
255 255 255
255 255 255
## tree01.pal
JASC-PAL
0100
16
255 214 0
57 140 82
74 90 66
82 140 57
90 173 49
82 115 66
123 206 66
140 231 74
57 74 49
107 99 57
214 181 82
49 49 33
82 74 49
148 123 74
132 107 66
189 222 189
## tree2_01.pal
JASC-PAL
0100
16
255 255 255
90 115 74
82 107 57
99 140 49
57 66 41
123 165 41
148 198 57
74 82 57
49 49 33
214 181 82
82 90 57
148 123 74
115 99 66
90 82 66
173 140 82
255 255 255
## tshadow.pal
JASC-PAL
0100
8
66 247 132
57 222 115
57 206 115
82 255 148
57 189 107
255 255 255
255 255 255
255 255 255
