## apeak.pal
JASC-PAL
0100
8
82 255 148
115 99 82
99 82 66
189 140 99
165 115 74
148 90 57
115 66 41
90 57 41
## bridge.pal
JASC-PAL
0100
16
255 255 255
99 66 90
148 140 148
115 107 115
99 99 132
140 148 173
181 198 206
214 231 239
222 214 173
189 173 107
173 148 99
222 173 107
206 156 107
181 140 107
165 115 115
140 99 115
## dun_bridge.pal
JASC-PAL
0100
8
206 90 156
222 214 140
206 189 123
198 181 132
189 173 123
123 107 99
255 255 255
255 255 255
## dun_dansou.pal
JASC-PAL
0100
8
66 49 24
74 57 33
57 41 24
255 255 255
0 0 0
0 0 0
0 0 0
0 0 0
## dun_dhole.pal
JASC-PAL
0100
16
0 148 0
148 156 156
107 115 115
74 74 74
33 33 33
148 132 82
132 115 66
165 148 99
90 74 41
115 90 49
57 41 24
0 0 0
255 255 255
255 255 255
255 255 255
255 255 255
## dun_dhole2.pal
JASC-PAL
0100
16
0 148 0
123 132 132
165 173 173
214 214 214
148 132 82
132 115 66
165 148 99
90 74 41
115 90 49
255 255 255
231 231 231
255 255 255
255 255 255
255 255 255
255 255 255
255 255 255
## dun_down.pal
JASC-PAL
0100
8
66 239 0
66 49 0
90 66 8
173 148 107
165 132 99
148 123 90
132 107 74
123 99 66
## dun_ent.pal
JASC-PAL
0100
16
99 115 99
99 115 99
74 90 74
99 115 99
99 115 107
82 99 82
115 132 115
173 189 165
148 156 140
165 173 156
181 198 173
173 181 165
173 189 173
181 189 173
206 214 189
231 239 214
## dun_ent2.pal
JASC-PAL
0100
16
148 165 148
115 132 123
132 148 132
107 123 107
99 115 99
115 132 115
99 115 107
115 132 115
107 123 115
123 140 123
74 90 74
99 115 99
99 115 99
90 107 90
82 99 82
107 132 107
## dun_floor.pal
JASC-PAL
0100
8
99 115 99
74 90 74
82 99 82
107 132 107
0 0 0
0 0 0
0 0 0
0 0 0
## dun_floor2.pal
JASC-PAL
0100
8
156 132 90
165 140 99
189 156 115
255 255 255
0 0 0
0 0 0
0 0 0
0 0 0
## dun_hanger.pal
JASC-PAL
0100
16
82 57 74
107 99 82
148 123 90
132 107 82
165 107 90
214 181 173
140 90 74
82 57 49
173 123 107
99 74 66
189 148 132
90 57 57
255 255 255
255 255 255
255 255 255
255 255 255
## dun_imped.pal
JASC-PAL
0100
16
255 255 255
90 82 107
74 66 74
107 107 123
239 247 255
41 90 57
74 132 82
90 165 49
132 214 66
165 247 90
231 231 206
173 173 156
198 198 222
156 156 181
148 140 165
115 115 132
## dun_jump.pal
JASC-PAL
0100
16
231 165 49
107 90 66
107 99 66
123 99 66
132 107 74
123 115 82
148 123 90
165 132 99
156 148 99
173 148 107
181 165 115
206 189 132
222 206 140
231 222 148
255 255 255
255 255 255
## dun_level.pal
JASC-PAL
0100
16
0 148 0
33 57 49
74 90 82
49 66 57
90 107 99
74 82 74
123 132 123
107 115 107
132 140 132
148 156 148
173 181 173
74 57 24
99 74 41
115 99 57
140 115 74
173 148 99
## dun_light.pal
JASC-PAL
0100
8
255 255 255
255 255 255
255 255 255
255 255 255
255 255 255
255 255 255
255 255 255
255 255 255
## dun_sea.pal
JASC-PAL
0100
8
57 140 173
57 148 181
57 148 173
66 140 165
49 156 198
82 181 206
99 198 222
0 0 0
## dun_slope.pal
JASC-PAL
0100
8
132 107 74
222 214 181
239 239 206
247 247 214
255 255 231
255 255 255
255 255 255
255 255 255
## dun_step.pal
JASC-PAL
0100
8
90 107 99
74 90 82
140 148 140
165 173 165
181 189 181
255 255 255
255 255 255
255 255 255
## dun_wall_c.pal
JASC-PAL
0100
8
123 99 49
115 90 41
99 82 41
148 123 82
165 140 99
255 255 255
255 255 255
255 255 255
## dun_wall_e.pal
JASC-PAL
0100
8
123 99 49
115 90 41
99 82 41
148 123 82
165 140 99
255 255 255
255 255 255
255 255 255
## dun_wall_n.pal
JASC-PAL
0100
8
99 74 33
90 66 24
140 115 74
74 57 24
123 99 66
255 255 255
255 255 255
255 255 255
## dun_wall_s.pal
JASC-PAL
0100
8
132 107 57
148 123 74
123 99 57
165 140 99
189 156 115
255 255 255
255 255 255
255 255 255
## dun_wall_w.pal
JASC-PAL
0100
8
123 99 49
115 90 41
99 82 41
148 123 82
165 140 99
255 255 255
255 255 255
255 255 255
## imped.pal
JASC-PAL
0100
16
239 0 90
115 74 82
82 57 74
115 115 132
239 247 255
156 165 189
198 206 231
107 140 49
156 206 66
132 173 49
198 247 74
231 206 181
222 181 165
189 148 140
156 115 115
255 255 255
## seaside3.pal
JASC-PAL
0100
16
165 66 239
115 74 82
90 57 74
57 49 74
132 132 132
41 57 99
165 165 132
132 99 90
222 181 165
189 148 140
156 115 115
255 255 255
255 255 255
255 255 255
255 255 255
255 255 255
## shadowchip.pal
JASC-PAL
0100
8
66 66 74
255 255 255
255 255 255
255 255 255
255 255 255
255 255 255
255 255 255
255 255 255
