## carpet04_1.pal
JASC-PAL
0100
8
214 115 82
255 255 255
255 255 255
255 255 255
0 0 0
0 0 0
0 0 0
0 0 0
## carpet04_2.pal
JASC-PAL
0100
8
115 115 90
214 173 66
255 255 255
255 255 255
0 0 0
0 0 0
0 0 0
0 0 0
## carpet05_1.pal
JASC-PAL
0100
8
231 231 198
255 255 255
255 255 255
255 255 255
0 0 0
0 0 0
0 0 0
0 0 0
## carpet05_2.pal
JASC-PAL
0100
8
198 206 198
231 231 198
255 255 255
255 255 255
0 0 0
0 0 0
0 0 0
0 0 0
## counter_b01.pal
JASC-PAL
0100
8
198 165 66
255 255 255
255 255 255
255 255 255
0 0 0
0 0 0
0 0 0
0 0 0
## counter_b02.pal
JASC-PAL
0100
8
231 231 198
255 255 255
255 255 255
255 255 255
0 0 0
0 0 0
0 0 0
0 0 0
## counter_g01.pal
JASC-PAL
0100
8
231 189 132
255 255 255
255 255 255
255 255 255
0 0 0
0 0 0
0 0 0
0 0 0
## counter_g02.pal
JASC-PAL
0100
8
107 132 222
255 255 255
255 255 255
255 255 255
0 0 0
0 0 0
0 0 0
0 0 0
## ele_b01.pal
JASC-PAL
0100
8
82 173 123
222 173 66
115 90 74
222 74 57
0 0 0
0 0 0
0 0 0
0 0 0
## floor01.pal
JASC-PAL
0100
8
222 173 107
214 165 107
198 156 107
189 148 107
0 0 0
0 0 0
0 0 0
0 0 0
## floor03.pal
JASC-PAL
0100
8
99 99 132
115 115 148
140 140 156
255 255 255
0 0 0
0 0 0
0 0 0
0 0 0
## floor04.pal
JASC-PAL
0100
8
156 148 132
181 173 156
198 198 173
255 255 255
0 0 0
0 0 0
0 0 0
0 0 0
## floor_b01.pal
JASC-PAL
0100
8
107 107 132
140 140 156
115 123 148
255 255 255
0 0 0
0 0 0
0 0 0
0 0 0
## floor_b02.pal
JASC-PAL
0100
8
247 156 115
214 140 107
173 123 107
255 255 255
0 0 0
0 0 0
0 0 0
0 0 0
## libra_01.pal
JASC-PAL
0100
8
255 222 156
255 255 255
255 255 255
255 255 255
255 255 255
255 255 255
255 255 255
255 255 255
## libra_02.pal
JASC-PAL
0100
8
123 90 90
132 107 90
140 115 99
255 255 255
255 255 255
255 255 255
255 255 255
255 255 255
## libra_03.pal
JASC-PAL
0100
8
107 132 99
115 148 107
123 156 107
132 165 115
132 173 115
148 198 132
239 198 132
255 222 156
## libra_04.pal
JASC-PAL
0100
8
140 181 115
255 255 255
255 255 255
255 255 255
255 255 255
255 255 255
255 255 255
255 255 255
## libra_05.pal
JASC-PAL
0100
8
247 231 198
255 255 255
255 255 255
255 255 255
255 255 255
255 255 255
255 255 255
255 255 255
## m_comp_01.pal
JASC-PAL
0100
8
107 181 148
132 189 156
239 231 173
239 231 148
231 206 123
239 214 132
239 222 148
255 255 255
## m_comp_02.pal
JASC-PAL
0100
8
148 156 156
156 156 156
148 148 148
255 255 255
0 0 0
0 0 0
0 0 0
0 0 0
## m_comp_03_pl.pal
JASC-PAL
0100
8
222 222 239
255 255 255
255 255 255
255 255 255
0 0 0
0 0 0
0 0 0
0 0 0
## m_comp_04_pl.pal
JASC-PAL
0100
8
115 156 255
255 255 255
255 255 255
255 255 255
0 0 0
0 0 0
0 0 0
0 0 0
## m_muse_01.pal
JASC-PAL
0100
8
156 148 132
165 148 132
173 156 140
165 156 148
0 0 0
0 0 0
0 0 0
0 0 0
## m_muse_03.pal
JASC-PAL
0100
8
90 148 132
255 255 255
255 255 255
255 255 255
0 0 0
0 0 0
0 0 0
0 0 0
## m_muse_04.pal
JASC-PAL
0100
8
239 198 140
231 214 181
222 181 115
148 99 66
132 90 66
156 115 90
173 140 115
148 99 74
## m_muse_05.pal
JASC-PAL
0100
8
198 173 74
214 189 90
214 206 156
255 255 255
0 0 0
0 0 0
0 0 0
0 0 0
## m_muse_06.pal
JASC-PAL
0100
8
140 115 90
255 255 255
255 255 255
255 255 255
0 0 0
0 0 0
0 0 0
0 0 0
## m_muse_06_pl.pal
JASC-PAL
0100
8
222 222 239
255 255 255
255 255 255
255 255 255
0 0 0
0 0 0
0 0 0
0 0 0
## phouse_01.pal
JASC-PAL
0100
8
132 123 123
140 140 132
165 156 156
239 222 173
206 206 198
239 231 198
239 239 222
255 255 255
## phouse_02.pal
JASC-PAL
0100
16
255 255 255
115 198 206
82 173 181
66 140 140
140 222 231
156 247 255
90 99 99
206 198 198
107 99 99
140 132 132
247 239 231
148 148 140
255 255 255
255 255 255
255 255 255
255 255 255
## phouse_03.pal
JASC-PAL
0100
8
214 214 198
231 222 222
231 214 206
222 206 206
0 0 0
0 0 0
0 0 0
0 0 0
## poster01.pal
JASC-PAL
0100
16
181 189 181
107 115 198
90 99 165
107 140 231
148 214 231
99 165 123
82 140 99
255 255 255
66 66 66
255 255 255
255 255 255
255 255 255
255 255 255
255 255 255
255 255 255
255 255 255
## scho_01.pal
JASC-PAL
0100
8
115 173 181
123 181 189
123 181 189
132 181 189
0 0 0
0 0 0
0 0 0
0 0 0
## scho_02.pal
JASC-PAL
0100
8
255 239 206
239 231 189
231 214 181
247 231 198
214 206 173
239 231 189
255 255 255
255 255 255
## shikii_b01.pal
JASC-PAL
0100
8
107 107 132
115 115 132
132 132 140
255 255 255
0 0 0
0 0 0
0 0 0
0 0 0
## shouse_01.pal
JASC-PAL
0100
16
82 90 90
132 123 132
165 173 156
165 165 165
173 181 181
198 198 198
206 206 206
214 214 214
222 222 222
231 239 239
255 255 255
255 255 255
255 255 255
255 255 255
255 255 255
255 255 255
## shouse_02.pal
JASC-PAL
0100
8
123 115 115
123 123 115
132 132 132
255 255 255
255 255 255
255 255 255
255 255 255
255 255 255
## shouse_03.pal
JASC-PAL
0100
8
181 181 181
255 255 255
255 255 255
255 255 255
0 0 0
0 0 0
0 0 0
0 0 0
## shouse_04.pal
JASC-PAL
0100
8
148 140 173
255 255 255
255 255 255
255 255 255
0 0 0
0 0 0
0 0 0
0 0 0
## wall03.pal
JASC-PAL
0100
8
90 82 132
107 148 140
107 173 140
231 189 132
173 156 132
255 255 255
255 255 255
255 255 255
## wall04.pal
JASC-PAL
0100
8
231 214 148
198 173 140
165 148 140
123 107 107
0 0 0
0 0 0
0 0 0
0 0 0
## wall05.pal
JASC-PAL
0100
8
90 82 132
107 123 206
107 140 239
231 189 132
173 156 132
255 255 255
255 255 255
255 255 255
## wall_b01.pal
JASC-PAL
0100
8
107 173 123
198 206 189
239 231 165
255 255 255
0 0 0
0 0 0
0 0 0
0 0 0
