## azt_wall01.pal
JASC-PAL
0100
16
255 255 255
214 181 198
165 115 148
99 99 99
16 16 66
33 33 99
16 16 49
49 49 57
33 41 74
8 16 41
16 24 74
16 24 74
90 115 148
57 74 82
0 8 24
247 247 123
## azt_wall02.pal
JASC-PAL
0100
16
255 255 255
165 115 148
206 198 206
99 99 99
16 16 66
33 33 99
16 16 49
49 49 57
33 41 74
8 16 41
16 24 74
90 115 148
247 247 123
66 57 57
115 107 107
173 173 173
## azt_wall03.pal
JASC-PAL
0100
8
255 255 255
206 198 206
66 57 57
115 107 107
173 173 173
255 255 255
255 255 255
255 255 255
## azt_win01.pal
JASC-PAL
0100
16
255 255 255
173 222 247
132 165 173
247 247 247
189 206 214
132 140 148
107 107 115
165 173 181
206 239 255
214 222 231
255 255 255
255 255 255
255 255 255
255 255 255
255 255 255
255 255 255
## azt_win02.pal
JASC-PAL
0100
16
255 255 255
173 222 247
132 165 173
247 247 247
189 206 214
132 140 148
107 107 115
74 74 74
206 239 255
214 222 231
255 255 255
255 255 255
255 255 255
255 255 255
255 255 255
255 255 255
## black.pal
JASC-PAL
0100
8
0 0 0
255 255 255
255 255 255
255 255 255
0 0 0
0 0 0
0 0 0
0 0 0
## ch_g.pal
JASC-PAL
0100
16
181 206 181
181 181 189
148 148 156
115 115 115
255 206 8
148 148 148
140 82 66
82 82 82
49 49 49
255 255 255
255 255 255
255 255 255
255 255 255
255 255 255
255 255 255
255 255 255
## dun26_09.pal
JASC-PAL
0100
8
247 148 8
99 107 123
115 115 123
115 123 132
247 231 66
206 198 90
189 181 90
156 148 99
## dun26_092.pal
JASC-PAL
0100
8
247 148 8
99 107 123
115 115 123
115 123 132
247 231 66
206 198 90
189 181 90
156 148 99
## dun26_19.pal
JASC-PAL
0100
8
247 148 8
99 107 123
115 115 123
115 123 132
247 231 66
206 198 90
189 181 90
156 148 99
## fs_room7_pl.pal
JASC-PAL
0100
8
115 156 255
255 255 255
255 255 255
255 255 255
0 0 0
0 0 0
0 0 0
0 0 0
## fs_room8_pl.pal
JASC-PAL
0100
8
222 222 239
255 255 255
255 255 255
255 255 255
0 0 0
0 0 0
0 0 0
0 0 0
## ginga1.pal
JASC-PAL
0100
16
255 255 255
66 66 82
82 82 90
49 49 74
33 33 66
99 99 115
99 115 132
132 140 123
206 189 66
156 148 66
107 107 57
132 123 82
115 107 66
90 82 74
173 156 148
66 57 57
## kage.pal
JASC-PAL
0100
8
0 0 0
255 255 255
255 255 255
255 255 255
0 0 0
0 0 0
0 0 0
0 0 0
## m_dun26_01.pal
JASC-PAL
0100
8
16 74 156
33 90 173
49 107 189
74 132 206
222 140 24
198 132 24
255 255 255
255 255 255
## m_dun26_02.pal
JASC-PAL
0100
8
16 74 156
16 66 148
33 90 173
49 107 189
74 132 206
74 206 189
222 140 24
198 132 24
## m_dun26_04.pal
JASC-PAL
0100
8
115 115 115
107 107 107
132 132 132
99 90 90
0 0 0
0 0 0
0 0 0
0 0 0
## m_dun26_06.pal
JASC-PAL
0100
8
165 173 173
123 165 173
140 173 173
132 140 140
156 181 181
107 115 115
255 255 255
255 255 255
## m_dun26_07.pal
JASC-PAL
0100
16
57 198 222
206 198 115
181 165 82
231 214 140
255 239 156
140 132 66
99 99 90
206 198 198
115 107 107
140 132 132
247 239 231
148 148 140
156 156 148
255 255 255
255 255 255
255 255 255
## m_dun26_08.pal
JASC-PAL
0100
8
255 255 255
165 189 198
181 222 222
222 239 247
0 0 0
0 0 0
0 0 0
0 0 0
## m_dun26_09.pal
JASC-PAL
0100
16
255 255 255
57 173 255
123 222 255
140 140 123
156 156 148
181 181 173
198 198 173
173 173 156
107 107 99
255 255 255
255 255 255
255 255 255
255 255 255
255 255 255
255 255 255
255 255 255
## m_dun26_10.pal
JASC-PAL
0100
16
16 74 156
16 66 148
33 90 173
41 99 189
41 99 181
49 107 189
74 132 206
173 181 74
156 156 57
189 198 90
222 140 24
198 132 24
222 148 41
255 255 255
255 255 255
255 255 255
## m_dun26_11.pal
JASC-PAL
0100
8
165 173 173
173 173 181
156 165 165
255 255 255
0 0 0
0 0 0
0 0 0
0 0 0
## m_dun26_12.pal
JASC-PAL
0100
8
231 231 231
198 198 189
156 156 156
255 255 255
0 0 0
0 0 0
0 0 0
0 0 0
## m_dun26_13.pal
JASC-PAL
0100
8
198 148 99
189 140 90
173 132 90
173 132 107
0 0 0
0 0 0
0 0 0
0 0 0
## m_dun26_14.pal
JASC-PAL
0100
8
255 255 255
33 115 181
41 132 189
74 165 222
140 198 214
99 173 198
198 231 239
255 255 255
## m_dun26_15.pal
JASC-PAL
0100
8
255 148 74
255 255 255
255 255 255
255 255 255
0 0 0
0 0 0
0 0 0
0 0 0
## m_dun26_16.pal
JASC-PAL
0100
8
132 132 132
115 115 115
99 99 99
82 82 82
115 115 115
255 255 255
255 255 255
255 255 255
## m_dun26_17.pal
JASC-PAL
0100
8
132 132 132
255 255 255
255 255 255
255 255 255
0 0 0
0 0 0
0 0 0
0 0 0
## m_dun26_18.pal
JASC-PAL
0100
8
214 214 214
255 255 255
255 255 255
255 255 255
0 0 0
0 0 0
0 0 0
0 0 0
## m_dun26_19.pal
JASC-PAL
0100
8
247 148 8
99 107 123
115 115 123
115 123 132
247 231 66
206 198 90
189 181 90
255 255 255
## m_dun26_20.pal
JASC-PAL
0100
8
255 255 255
115 181 198
132 206 222
165 214 231
0 0 0
0 0 0
0 0 0
0 0 0
## m_dun26_21.pal
JASC-PAL
0100
8
255 255 255
132 206 222
165 214 231
255 255 255
0 0 0
0 0 0
0 0 0
0 0 0
## m_dun26_22.pal
JASC-PAL
0100
8
255 255 255
132 206 222
165 214 231
255 255 255
0 0 0
0 0 0
0 0 0
0 0 0
## m_dun26_24.pal
JASC-PAL
0100
8
181 57 66
255 255 255
255 255 255
255 255 255
0 0 0
0 0 0
0 0 0
0 0 0
## m_dun26_30.pal
JASC-PAL
0100
8
57 148 231
90 189 239
247 214 181
123 140 156
123 148 156
49 82 107
181 115 74
255 255 255
## m_dun26_31.pal
JASC-PAL
0100
16
206 206 206
173 173 173
140 140 140
74 66 66
66 57 57
148 74 82
107 156 206
206 90 99
115 115 115
214 198 0
255 255 255
255 255 255
255 255 255
255 255 255
255 255 255
255 255 255
## m_dun26_32.pal
JASC-PAL
0100
8
90 189 239
57 148 231
140 140 140
123 123 123
123 123 123
57 57 57
189 189 189
222 222 222
## m_dun26_33.pal
JASC-PAL
0100
8
255 255 255
255 33 33
255 82 82
198 66 66
255 255 255
255 255 255
255 255 255
255 255 255
## m_dun26_35.pal
JASC-PAL
0100
8
181 181 181
132 132 132
165 165 165
156 156 156
0 0 0
0 0 0
0 0 0
0 0 0
## m_dun26_36.pal
JASC-PAL
0100
8
255 255 255
181 198 198
165 173 173
148 156 156
222 222 222
189 189 189
165 165 165
156 156 156
## m_dun26_36_2.pal
JASC-PAL
0100
8
255 255 255
148 107 107
255 33 33
156 66 66
0 0 0
0 0 0
0 0 0
0 0 0
## m_dun26_37.pal
JASC-PAL
0100
16
222 148 41
66 57 57
247 189 66
247 231 66
206 90 99
115 107 107
140 140 140
173 173 173
206 206 206
255 255 255
255 255 255
255 255 255
255 255 255
255 255 255
255 255 255
255 255 255
## m_dun26_38.pal
JASC-PAL
0100
16
206 206 206
173 173 173
140 140 140
107 107 107
66 57 57
148 74 82
255 123 140
206 90 99
115 107 107
214 198 0
255 255 255
255 255 255
255 255 255
255 255 255
255 255 255
255 255 255
## maku.pal
JASC-PAL
0100
8
255 255 255
181 57 66
181 181 181
255 255 255
0 0 0
0 0 0
0 0 0
0 0 0
## map_dun26_05.pal
JASC-PAL
0100
16
165 173 173
123 165 173
140 173 173
173 198 206
189 214 214
132 140 140
156 181 181
107 115 115
231 140 107
239 189 165
206 132 99
255 255 255
255 255 255
255 255 255
255 255 255
255 255 255
## mic.pal
JASC-PAL
0100
8
255 255 255
140 140 148
115 123 123
90 90 90
66 66 66
41 41 41
0 0 0
255 255 255
## rtm1.pal
JASC-PAL
0100
16
255 255 255
115 115 107
107 107 99
156 156 148
140 140 132
255 90 90
222 99 82
198 90 74
173 173 156
206 99 82
189 99 90
82 82 82
255 255 255
255 255 255
255 255 255
255 255 255
## rtm2.pal
JASC-PAL
0100
16
255 255 255
115 115 107
107 107 99
156 156 148
140 140 132
255 247 82
222 206 82
206 189 90
173 173 156
181 148 66
173 156 90
82 82 82
255 255 255
255 255 255
255 255 255
255 255 255
## rtm3.pal
JASC-PAL
0100
16
255 255 255
165 99 255
148 99 239
140 82 239
173 107 255
115 115 107
107 107 99
156 156 148
140 140 132
173 173 156
82 82 82
255 255 255
255 255 255
255 255 255
255 255 255
255 255 255
## rtm4.pal
JASC-PAL
0100
16
255 255 255
82 148 206
90 173 231
90 156 214
90 140 181
90 206 255
115 115 107
156 156 148
140 140 132
173 173 156
82 82 82
255 255 255
255 255 255
255 255 255
255 255 255
255 255 255
## rtm5.pal
JASC-PAL
0100
16
255 255 255
90 206 82
99 214 82
90 173 74
132 255 90
115 115 107
107 107 99
156 156 148
140 140 132
173 173 156
82 82 82
255 255 255
255 255 255
255 255 255
255 255 255
255 255 255
## saku.pal
JASC-PAL
0100
8
255 255 255
74 82 90
181 181 181
148 148 148
123 123 123
49 49 49
255 255 255
255 255 255
## table_g01.pal
JASC-PAL
0100
8
255 33 33
255 255 255
231 231 231
214 214 214
181 181 181
156 148 148
198 57 57
255 255 255
## table_l01.pal
JASC-PAL
0100
16
24 115 181
16 82 132
115 165 181
173 189 198
132 140 140
107 123 123
222 231 231
148 165 165
107 206 206
99 181 189
239 222 165
198 181 107
247 148 74
206 66 66
214 99 99
255 255 255
## z.pal
JASC-PAL
0100
16
255 255 255
115 115 107
107 107 99
156 156 148
140 140 132
255 90 90
222 99 82
198 90 74
173 173 156
206 99 82
189 99 90
82 82 82
255 255 255
255 255 255
255 255 255
255 255 255
