## m_dun26_19.pal
JASC-PAL
0100
8
247 148 8
99 107 123
115 115 123
115 123 132
247 231 66
206 198 90
189 181 90
255 255 255
## m_dun26_23.pal
JASC-PAL
0100
8
115 115 123
82 82 90
57 57 66
41 41 41
255 255 255
255 255 255
255 255 255
255 255 255
## m_dun26_24.pal
JASC-PAL
0100
8
181 57 66
255 255 255
255 255 255
255 255 255
0 0 0
0 0 0
0 0 0
0 0 0
## m_dun26_25.pal
JASC-PAL
0100
16
57 148 231
90 189 239
239 231 82
247 239 132
247 189 82
255 156 66
214 132 57
140 140 140
82 82 82
66 66 66
57 57 57
255 255 255
255 255 255
255 255 255
255 255 255
255 255 255
## m_dun26_26.pal
JASC-PAL
0100
8
123 123 123
132 132 132
107 107 107
255 255 255
0 0 0
0 0 0
0 0 0
0 0 0
## m_dun26_27.pal
JASC-PAL
0100
8
57 148 231
90 189 239
140 140 140
82 82 82
66 66 66
57 57 57
255 255 255
255 255 255
## m_dun26_28.pal
JASC-PAL
0100
8
255 255 255
132 214 173
173 222 198
255 255 255
0 0 0
0 0 0
0 0 0
0 0 0
## m_dun26_29.pal
JASC-PAL
0100
8
255 255 255
132 214 173
173 222 198
255 255 255
0 0 0
0 0 0
0 0 0
0 0 0
